0.549875 0.450125
0.483462 0.516538
0.602930 0.397070
0.698328 0.301672
0.867792 0.132208
0.884422 0.115578
0.583317 0.416683
0.851825 0.148175
0.879737 0.120263
0.793160 0.206840
0.699546 0.300454
0.677578 0.322422
0.873824 0.126176
0.718170 0.281830
0.726532 0.273468
0.793688 0.206311
0.783236 0.216764
0.917637 0.082363
0.870062 0.129938
0.717462 0.282538
0.875232 0.124768
0.451595 0.548405
0.875935 0.124065
0.682755 0.317245
0.718652 0.281348
0.923575 0.076425
0.459012 0.540988
0.730442 0.269558
0.687371 0.312629
0.468257 0.531743
0.875292 0.124708
0.780187 0.219813
0.793459 0.206541
0.728861 0.271139
0.438022 0.561978
0.725941 0.274059
0.814526 0.185474
0.563109 0.436891
0.482032 0.517968
0.609185 0.390815
0.804504 0.195496
0.706495 0.293505
0.874266 0.125734
0.712021 0.287979
0.673419 0.326581
0.803341 0.196659
0.805008 0.194992
0.674977 0.325023
0.632152 0.367848
0.876134 0.123866
0.912338 0.087662
0.692749 0.307251
0.876005 0.123995
0.244827 0.755173
0.916159 0.083841
0.873792 0.126208
0.872671 0.127329
0.876686 0.123314
0.254963 0.745036
0.787575 0.212425
0.705574 0.294426
0.598325 0.401675
0.704306 0.295694
0.488565 0.511435
0.728205 0.271795
0.483575 0.516425
0.251591 0.748410
0.351425 0.648575
0.581223 0.418777
0.237171 0.762829
0.587510 0.412490
0.352117 0.647883
0.779326 0.220674
0.577963 0.422037
0.226583 0.773417
0.802222 0.197778
0.359701 0.640299
0.320073 0.679927
0.333070 0.666930
0.576803 0.423197
0.231481 0.768519
0.580522 0.419478
0.587523 0.412477
0.799125 0.200875
0.690899 0.309101
0.455533 0.544467
0.571443 0.428557
0.226011 0.773989
0.706538 0.293462
0.797448 0.202552
0.346122 0.653878
0.171490 0.828510
0.343036 0.656964
0.348443 0.651557
0.324195 0.675805
