0.336842
0.368421
0.357895
0.305263
0.231579
0.336842
0.284211
0.231579
0.178947
0.252632
0.252632
0.305263
0.231579
0.252632
0.189474
0.294737
0.347368
0.284211
0.357895
0.378947
0.347368
0.336842
0.126316
0.315789
0.273684
0.242105
0.284211
0.336842
0.242105
0.305263
0.242105
0.252632
0.315789
0.410526
0.178947
0.263158
0.242105
0.273684
0.305263
0.231579
0.263158
0.263158
0.336842
0.347368
0.326316
0.210526
0.336842
0.326316
0.242105
0.284211
0.263158
0.273684
0.357895
0.105263
0.273684
0.284211
0.315789
0.221053
0.210526
0.368421
0.221053
0.242105
0.357895
0.326316
0.368421
0.315789
0.336842
0.389474
0.389474
0.273684
0.273684
0.315789
0.389474
0.200000
0.357895
0.326316
0.336842
0.294737
0.326316
0.336842
0.189474
0.294737
0.221053
0.231579
0.263158
0.326316
0.231579
0.263158
0.284211
0.294737
0.315789
0.294737
0.242105
0.305263
0.284211
0.284211
0.368421
0.378947
0.210526
0.178947
