0.200000
0.221053
0.315789
0.221053
0.273684
0.231579
0.284211
0.231579
0.242105
0.231579
0.231579
0.263158
0.178947
0.273684
0.252632
0.284211
0.263158
0.284211
0.242105
0.242105
0.284211
0.242105
0.210526
0.231579
0.294737
0.210526
0.294737
0.210526
0.263158
0.221053
0.252632
0.210526
0.252632
0.263158
0.284211
0.221053
0.231579
0.221053
0.221053
0.273684
0.263158
0.178947
0.221053
0.221053
0.294737
0.231579
0.242105
0.263158
0.263158
0.273684
0.315789
0.231579
0.221053
0.252632
0.157895
0.284211
0.273684
0.200000
0.242105
0.273684
0.263158
0.242105
0.189474
0.242105
0.221053
0.252632
0.200000
0.284211
0.263158
0.273684
0.263158
0.242105
0.231579
0.294737
0.178947
0.221053
0.284211
0.200000
0.273684
0.200000
0.242105
0.221053
0.305263
0.284211
0.221053
0.242105
0.305263
0.242105
0.252632
0.221053
0.273684
0.189474
0.221053
0.263158
0.242105
0.200000
0.231579
0.305263
0.263158
0.273684
