0.326316
0.347368
0.347368
0.336842
0.347368
0.336842
0.336842
0.347368
0.326316
0.347368
0.347368
0.347368
0.336842
0.347368
0.336842
0.336842
0.347368
0.336842
0.336842
0.315789
0.347368
0.336842
0.357895
0.326316
0.336842
0.347368
0.347368
0.347368
0.336842
0.368421
0.326316
0.336842
0.347368
0.347368
0.336842
0.347368
0.347368
0.336842
0.336842
0.347368
0.347368
0.347368
0.336842
0.336842
0.336842
0.347368
0.347368
0.347368
0.336842
0.315789
0.336842
0.357895
0.347368
0.347368
0.336842
0.336842
0.347368
0.336842
0.336842
0.347368
0.347368
0.347368
0.336842
0.347368
0.326316
0.326316
0.347368
0.347368
0.347368
0.326316
0.336842
0.336842
0.336842
0.347368
0.336842
0.347368
0.347368
0.336842
0.336842
0.336842
0.347368
0.347368
0.357895
0.326316
0.336842
0.315789
0.336842
0.347368
0.347368
0.347368
0.326316
0.336842
0.347368
0.357895
0.336842
0.336842
0.347368
0.336842
0.336842
0.336842
