0.326316
0.052632
0.052632
0.052632
0.073684
0.031579
0.052632
0.073684
0.063158
0.042105
0.115789
0.094737
0.084211
0.073684
0.010526
0.073684
0.094737
0.115789
0.094737
0.021053
0.126316
0.105263
0.042105
0.073684
0.073684
0.084211
0.042105
0.052632
0.063158
0.094737
0.231579
0.094737
0.094737
0.052632
0.052632
0.063158
0.063158
0.063158
0.073684
0.031579
0.157895
0.105263
0.042105
0.073684
0.094737
0.126316
0.031579
0.052632
0.063158
0.073684
0.231579
0.021053
0.105263
0.126316
0.063158
0.073684
0.031579
0.084211
0.094737
0.052632
0.157895
0.084211
0.052632
0.052632
0.073684
0.084211
0.073684
0.063158
0.084211
0.073684
0.305263
0.021053
0.031579
0.157895
0.094737
0.073684
0.084211
0.031579
0.063158
0.063158
0.136842
0.084211
0.042105
0.031579
0.052632
0.052632
0.052632
0.052632
0.042105
0.073684
0.336842
0.115789
0.052632
0.084211
0.073684
0.031579
0.094737
0.063158
0.063158
0.052632
