0.063158
0.042105
0.010526
0.178947
0.136842
0.105263
0.189474
0.010526
0.052632
0.063158
0.010526
0.042105
0.063158
0.073684
0.084211
0.000000
0.073684
0.094737
0.084211
0.042105
0.115789
0.073684
0.063158
0.094737
0.094737
0.042105
0.042105
0.052632
0.147368
0.094737
0.084211
0.084211
0.084211
0.115789
0.094737
0.031579
0.094737
0.157895
0.126316
0.094737
0.073684
0.042105
0.126316
0.115789
0.063158
0.084211
0.052632
0.042105
0.031579
0.136842
0.021053
0.126316
0.073684
0.063158
0.094737
0.084211
0.189474
0.031579
0.052632
0.115789
0.063158
0.063158
0.073684
0.031579
0.052632
0.168421
0.073684
0.084211
0.052632
0.094737
0.021053
0.042105
0.284211
0.073684
0.063158
0.063158
0.031579
0.073684
0.010526
0.084211
0.052632
0.084211
0.084211
0.031579
0.136842
0.021053
0.063158
0.042105
0.042105
0.021053
0.073684
0.021053
0.094737
0.052632
0.042105
0.021053
0.094737
0.136842
0.063158
0.052632
