0.326316
0.010526
0.010526
0.010526
0.042105
0.031579
0.031579
0.021053
0.021053
0.010526
0.105263
0.042105
0.031579
0.010526
0.010526
0.042105
0.010526
0.021053
0.000000
0.031579
0.073684
0.010526
0.021053
0.000000
0.021053
0.021053
0.021053
0.031579
0.031579
0.010526
0.210526
0.031579
0.031579
0.000000
0.021053
0.052632
0.000000
0.010526
0.021053
0.021053
0.052632
0.021053
0.031579
0.010526
0.042105
0.021053
0.000000
0.010526
0.021053
0.031579
0.252632
0.010526
0.031579
0.021053
0.031579
0.031579
0.021053
0.031579
0.010526
0.042105
0.105263
0.000000
0.010526
0.031579
0.021053
0.031579
0.021053
0.052632
0.063158
0.000000
0.273684
0.000000
0.031579
0.042105
0.010526
0.010526
0.021053
0.021053
0.042105
0.010526
0.052632
0.000000
0.031579
0.042105
0.021053
0.010526
0.010526
0.031579
0.031579
0.042105
0.326316
0.000000
0.010526
0.031579
0.010526
0.031579
0.031579
0.031579
0.031579
0.042105
