0.284211
0.010526
0.000000
0.000000
0.042105
0.021053
0.052632
0.010526
0.010526
0.000000
0.073684
0.010526
0.010526
0.031579
0.010526
0.021053
0.010526
0.010526
0.010526
0.000000
0.063158
0.031579
0.010526
0.000000
0.021053
0.031579
0.010526
0.000000
0.010526
0.010526
0.189474
0.010526
0.010526
0.021053
0.010526
0.000000
0.000000
0.000000
0.000000
0.010526
0.084211
0.000000
0.010526
0.021053
0.021053
0.010526
0.000000
0.021053
0.010526
0.031579
0.252632
0.000000
0.031579
0.010526
0.010526
0.000000
0.010526
0.010526
0.000000
0.021053
0.073684
0.010526
0.010526
0.021053
0.010526
0.000000
0.010526
0.021053
0.042105
0.010526
0.273684
0.000000
0.000000
0.031579
0.010526
0.021053
0.021053
0.010526
0.021053
0.010526
0.084211
0.021053
0.021053
0.010526
0.000000
0.000000
0.010526
0.031579
0.021053
0.031579
0.326316
0.000000
0.010526
0.021053
0.052632
0.021053
0.000000
0.031579
0.052632
0.000000
