0.231579
0.210526
0.263158
0.200000
0.284211
0.263158
0.168421
0.242105
0.242105
0.231579
0.263158
0.242105
0.210526
0.221053
0.210526
0.242105
0.189474
0.178947
0.263158
0.231579
0.252632
0.242105
0.221053
0.231579
0.242105
0.210526
0.294737
0.221053
0.242105
0.210526
0.221053
0.221053
0.242105
0.200000
0.252632
0.221053
0.200000
0.221053
0.200000
0.242105
0.210526
0.189474
0.231579
0.252632
0.242105
0.231579
0.273684
0.231579
0.242105
0.178947
0.200000
0.221053
0.231579
0.221053
0.221053
0.242105
0.284211
0.210526
0.200000
0.231579
0.189474
0.231579
0.200000
0.210526
0.178947
0.242105
0.210526
0.263158
0.242105
0.242105
0.263158
0.231579
0.200000
0.284211
0.221053
0.284211
0.221053
0.157895
0.263158
0.242105
0.210526
0.242105
0.273684
0.231579
0.221053
0.189474
0.231579
0.210526
0.200000
0.273684
0.200000
0.210526
0.200000
0.221053
0.242105
0.221053
0.231579
0.263158
0.252632
0.231579
