0.284211
0.010526
0.000000
0.010526
0.031579
0.021053
0.042105
0.000000
0.021053
0.010526
0.063158
0.010526
0.010526
0.010526
0.010526
0.031579
0.000000
0.021053
0.010526
0.021053
0.063158
0.000000
0.021053
0.010526
0.031579
0.010526
0.010526
0.010526
0.021053
0.010526
0.178947
0.010526
0.031579
0.021053
0.010526
0.000000
0.010526
0.000000
0.010526
0.031579
0.063158
0.000000
0.000000
0.010526
0.021053
0.021053
0.000000
0.021053
0.010526
0.010526
0.252632
0.000000
0.021053
0.010526
0.000000
0.021053
0.000000
0.010526
0.010526
0.021053
0.094737
0.010526
0.000000
0.021053
0.000000
0.031579
0.000000
0.042105
0.031579
0.021053
0.284211
0.000000
0.000000
0.021053
0.010526
0.010526
0.010526
0.010526
0.010526
0.010526
0.063158
0.000000
0.010526
0.010526
0.000000
0.000000
0.021053
0.031579
0.010526
0.021053
0.326316
0.010526
0.021053
0.021053
0.010526
0.021053
0.021053
0.000000
0.010526
0.010526
