0.115789
0.115789
0.157895
0.094737
0.189474
0.136842
0.115789
0.115789
0.115789
0.126316
0.157895
0.126316
0.094737
0.115789
0.136842
0.136842
0.073684
0.168421
0.147368
0.115789
0.147368
0.126316
0.063158
0.126316
0.189474
0.126316
0.094737
0.115789
0.126316
0.168421
0.126316
0.136842
0.126316
0.168421
0.157895
0.115789
0.052632
0.115789
0.063158
0.168421
0.115789
0.136842
0.084211
0.157895
0.126316
0.126316
0.126316
0.147368
0.115789
0.168421
0.126316
0.094737
0.115789
0.136842
0.084211
0.115789
0.157895
0.147368
0.094737
0.168421
0.094737
0.126316
0.126316
0.126316
0.126316
0.094737
0.126316
0.126316
0.136842
0.126316
0.136842
0.126316
0.105263
0.168421
0.073684
0.147368
0.126316
0.094737
0.115789
0.105263
0.084211
0.115789
0.157895
0.126316
0.105263
0.115789
0.094737
0.126316
0.105263
0.136842
0.126316
0.136842
0.105263
0.126316
0.084211
0.094737
0.136842
0.157895
0.126316
0.084211
