0.305263
0.031579
0.031579
0.010526
0.105263
0.042105
0.063158
0.031579
0.052632
0.021053
0.042105
0.084211
0.031579
0.073684
0.042105
0.084211
0.073684
0.031579
0.031579
0.010526
0.084211
0.063158
0.021053
0.031579
0.115789
0.031579
0.010526
0.021053
0.031579
0.021053
0.200000
0.021053
0.031579
0.031579
0.052632
0.021053
0.000000
0.010526
0.010526
0.021053
0.084211
0.021053
0.042105
0.031579
0.073684
0.052632
0.000000
0.042105
0.052632
0.021053
0.242105
0.031579
0.031579
0.042105
0.010526
0.052632
0.010526
0.063158
0.010526
0.084211
0.073684
0.021053
0.031579
0.052632
0.031579
0.010526
0.052632
0.073684
0.073684
0.031579
0.263158
0.010526
0.021053
0.052632
0.010526
0.042105
0.042105
0.010526
0.052632
0.021053
0.105263
0.031579
0.063158
0.052632
0.010526
0.010526
0.021053
0.031579
0.031579
0.063158
0.326316
0.031579
0.021053
0.021053
0.042105
0.031579
0.010526
0.063158
0.063158
0.042105
