0.347368
0.115789
0.168421
0.136842
0.189474
0.210526
0.231579
0.200000
0.263158
0.189474
0.263158
0.242105
0.178947
0.221053
0.189474
0.210526
0.189474
0.147368
0.178947
0.157895
0.200000
0.157895
0.168421
0.178947
0.200000
0.147368
0.168421
0.178947
0.178947
0.168421
0.294737
0.115789
0.157895
0.200000
0.221053
0.263158
0.094737
0.105263
0.189474
0.147368
0.231579
0.189474
0.200000
0.136842
0.231579
0.252632
0.115789
0.178947
0.210526
0.178947
0.315789
0.189474
0.200000
0.178947
0.136842
0.189474
0.147368
0.242105
0.189474
0.178947
0.168421
0.168421
0.189474
0.221053
0.168421
0.147368
0.168421
0.178947
0.189474
0.189474
0.368421
0.200000
0.252632
0.168421
0.126316
0.157895
0.168421
0.157895
0.168421
0.168421
0.252632
0.221053
0.210526
0.147368
0.200000
0.115789
0.263158
0.189474
0.221053
0.105263
0.357895
0.189474
0.210526
0.221053
0.221053
0.168421
0.242105
0.200000
0.200000
0.126316
