0.242105
0.063158
0.073684
0.063158
0.157895
0.126316
0.126316
0.073684
0.084211
0.084211
0.147368
0.126316
0.042105
0.115789
0.094737
0.126316
0.094737
0.115789
0.126316
0.073684
0.105263
0.115789
0.042105
0.084211
0.178947
0.084211
0.084211
0.063158
0.105263
0.063158
0.231579
0.073684
0.105263
0.073684
0.105263
0.126316
0.052632
0.084211
0.042105
0.147368
0.094737
0.063158
0.063158
0.094737
0.105263
0.136842
0.073684
0.084211
0.105263
0.094737
0.210526
0.063158
0.105263
0.094737
0.063158
0.105263
0.073684
0.105263
0.094737
0.126316
0.147368
0.063158
0.052632
0.094737
0.073684
0.105263
0.063158
0.115789
0.136842
0.136842
0.252632
0.073684
0.105263
0.168421
0.031579
0.084211
0.136842
0.105263
0.063158
0.084211
0.115789
0.063158
0.115789
0.136842
0.063158
0.094737
0.126316
0.084211
0.084211
0.073684
0.315789
0.073684
0.063158
0.063158
0.115789
0.073684
0.094737
0.157895
0.115789
0.115789
