0.336842
0.063158
0.063158
0.094737
0.126316
0.105263
0.157895
0.126316
0.147368
0.073684
0.136842
0.094737
0.147368
0.094737
0.115789
0.084211
0.115789
0.063158
0.105263
0.063158
0.094737
0.094737
0.126316
0.084211
0.115789
0.136842
0.105263
0.105263
0.084211
0.157895
0.221053
0.115789
0.147368
0.084211
0.105263
0.105263
0.105263
0.063158
0.126316
0.126316
0.168421
0.084211
0.115789
0.094737
0.126316
0.147368
0.136842
0.126316
0.073684
0.126316
0.273684
0.115789
0.084211
0.052632
0.073684
0.094737
0.094737
0.126316
0.094737
0.115789
0.147368
0.094737
0.126316
0.063158
0.105263
0.105263
0.084211
0.073684
0.094737
0.084211
0.284211
0.031579
0.094737
0.105263
0.147368
0.094737
0.126316
0.052632
0.105263
0.063158
0.126316
0.136842
0.126316
0.084211
0.136842
0.094737
0.136842
0.073684
0.084211
0.073684
0.336842
0.105263
0.115789
0.084211
0.073684
0.115789
0.084211
0.105263
0.115789
0.073684
