0.105263
0.147368
0.105263
0.147368
0.105263
0.168421
0.136842
0.094737
0.126316
0.094737
0.105263
0.115789
0.126316
0.084211
0.084211
0.126316
0.126316
0.136842
0.105263
0.147368
0.157895
0.126316
0.136842
0.073684
0.115789
0.094737
0.105263
0.105263
0.147368
0.200000
0.084211
0.136842
0.147368
0.073684
0.168421
0.063158
0.168421
0.147368
0.136842
0.105263
0.084211
0.105263
0.168421
0.115789
0.178947
0.157895
0.105263
0.178947
0.115789
0.084211
0.105263
0.136842
0.105263
0.147368
0.094737
0.189474
0.094737
0.147368
0.084211
0.115789
0.157895
0.115789
0.084211
0.126316
0.105263
0.136842
0.073684
0.147368
0.136842
0.168421
0.136842
0.126316
0.115789
0.115789
0.136842
0.094737
0.136842
0.115789
0.147368
0.115789
0.105263
0.136842
0.115789
0.094737
0.094737
0.136842
0.126316
0.115789
0.115789
0.157895
0.157895
0.084211
0.136842
0.178947
0.147368
0.094737
0.136842
0.105263
0.084211
0.105263
