0.305263
0.063158
0.052632
0.052632
0.073684
0.073684
0.042105
0.010526
0.021053
0.031579
0.115789
0.042105
0.031579
0.063158
0.073684
0.084211
0.063158
0.031579
0.063158
0.031579
0.084211
0.052632
0.021053
0.052632
0.094737
0.042105
0.021053
0.010526
0.063158
0.031579
0.178947
0.052632
0.031579
0.052632
0.031579
0.063158
0.021053
0.010526
0.052632
0.084211
0.136842
0.042105
0.021053
0.042105
0.105263
0.042105
0.031579
0.063158
0.021053
0.052632
0.273684
0.031579
0.042105
0.063158
0.042105
0.084211
0.010526
0.052632
0.063158
0.042105
0.126316
0.031579
0.021053
0.031579
0.021053
0.052632
0.021053
0.031579
0.052632
0.042105
0.252632
0.031579
0.052632
0.042105
0.021053
0.031579
0.031579
0.031579
0.063158
0.010526
0.063158
0.073684
0.021053
0.031579
0.042105
0.052632
0.042105
0.073684
0.031579
0.042105
0.326316
0.042105
0.042105
0.031579
0.021053
0.063158
0.042105
0.021053
0.094737
0.063158
