0.305263
0.031579
0.052632
0.021053
0.063158
0.021053
0.052632
0.031579
0.021053
0.052632
0.073684
0.042105
0.021053
0.031579
0.031579
0.073684
0.042105
0.021053
0.063158
0.010526
0.115789
0.052632
0.042105
0.010526
0.021053
0.052632
0.031579
0.031579
0.021053
0.042105
0.200000
0.031579
0.021053
0.052632
0.031579
0.042105
0.010526
0.021053
0.021053
0.021053
0.094737
0.031579
0.042105
0.042105
0.042105
0.052632
0.010526
0.042105
0.010526
0.042105
0.231579
0.021053
0.042105
0.052632
0.021053
0.021053
0.042105
0.010526
0.021053
0.010526
0.063158
0.021053
0.042105
0.021053
0.052632
0.021053
0.021053
0.063158
0.052632
0.063158
0.242105
0.021053
0.031579
0.052632
0.010526
0.021053
0.042105
0.052632
0.031579
0.021053
0.126316
0.021053
0.073684
0.021053
0.010526
0.021053
0.021053
0.042105
0.042105
0.021053
0.326316
0.031579
0.021053
0.021053
0.021053
0.042105
0.031579
0.021053
0.042105
0.031579
